[
    {
        "main/loss": 362.26598182091345,
        "validation/main/loss": 330.11571502685547,
        "epoch": 1,
        "iteration": 13,
        "elapsed_time": 66.76220741900033
    },
    {
        "main/loss": 317.9895426432292,
        "validation/main/loss": 306.86148834228516,
        "epoch": 2,
        "iteration": 25,
        "elapsed_time": 112.99833460199989
    },
    {
        "main/loss": 300.64657827524036,
        "validation/main/loss": 291.77000427246094,
        "epoch": 3,
        "iteration": 38,
        "elapsed_time": 160.58672522300003
    }
]